3427 080827 73404 American Express
3730 394465 12151 American Express
4532 7593 9795 4546 Visa
5120 7379 2452 8418 MasterCard
4024 0071 1884 1906 Visa
5286 1236 6860 3578 MasterCard
3474 156897 43021 American Express
3411 589216 18785 American Express
6011 4677 3766 7993 Discover
5599 4571 4118 3358 MasterCard
6011 4446 8479 6471 Discover
6011 1449 9937 2204 Discover
6011 1703 0114 8669 Discover
4716 4162 0440 1447 Visa
5307 4670 7946 7296 MasterCard
4539 2905 8781 0481 Visa
5365 0240 7445 3851 MasterCard
6011 1266 5110 9503 Discover
4539 8074 7489 9382 Visa
3484 700401 04784 American Express
6011 1834 5527 3209 Discover
3758 608072 79918 American Express
5433 0712 0508 1505 MasterCard
3718 697944 94350 American Express
4485 2181 9361 5121 Visa
3742 612695 48877 American Express
6011 6743 6563 1155 Discover
5414 9428 2260 6846 MasterCard
3434 315022 73223 American Express
6011 0273 7359 8959 Discover
4556 4618 7843 8732 Visa
3486 907591 77834 American Express
3447 685222 98246 American Express
5575 4485 4440 4580 MasterCard
4929 9070 2157 9376 Visa
4716 3222 4623 3022 Visa
5446 9823 4141 6972 MasterCard
4929 1423 5074 6632 Visa
4916 9816 4640 0503 Visa
3450 264645 98928 American Express
3740 509678 70133 American Express
6011 1872 9205 1371 Discover
4556 7899 7614 7965 Visa
6011 1055 3866 1902 Discover
4532 2134 5793 7678 Visa
4716 4589 5287 1272 Visa
6011 7865 3449 2309 Discover
5165 3365 9565 9259 MasterCard
4916 3154 1059 5588 Visa
5165 1130 7400 9060 MasterCard
6011 0066 4272 0479 Discover
4024 0071 9474 8413 Visa
4431 2420 5044 9965 Visa
6011 3840 0364 3774 Discover
4916 4976 7400 3564 Visa
5470 8453 9418 1513 MasterCard
3740 230770 53064 American Express
5551 8992 4419 1042 MasterCard
4929 1011 4740 7197 Visa
3784 431486 81659 American Express
4929 0225 3024 3686 Visa
4024 0071 7110 4465 Visa
4916 9049 7928 3080 Visa
5311 1711 0727 1118 MasterCard
4024 0071 6891 1096 Visa
3737 539408 20775 American Express
5435 7654 9825 5068 MasterCard
4457 0500 3436 2017 Visa
3785 474765 89969 American Express
4539 0035 6342 4817 Visa
5434 1182 4187 0489 MasterCard
4556 1460 2593 4168 Visa
6011 3859 7308 9435 Discover
3407 263486 32448 American Express
6011 2150 2716 5024 Discover
3496 876139 06837 American Express
3493 215535 54957 American Express
5489 1927 9888 3355 MasterCard
3770 857293 05579 American Express
6011 3816 2415 9719 Discover
5455 8292 1359 0434 MasterCard
4532 4476 9113 1256 Visa
4539 7960 2800 1639 Visa
6011 9415 5776 4015 Discover
4539 5969 2376 9607 Visa
3421 105749 26147 American Express
3479 300465 91905 American Express
4556 3822 4783 4999 Visa
4485 4624 7063 4864 Visa
3460 287388 75495 American Express
4024 0071 4604 4358 Visa
3454 700272 82200 American Express
3466 042702 35593 American Express
6011 5826 3721 9875 Discover
5160 7687 2631 7156 MasterCard
4916 3030 9494 4876 Visa
3784 892115 96399 American Express
3418 643182 11262 American Express
6011 9737 9597 1664 Discover
3473 551831 06079 American Express
5400 9625 1500 9526 MasterCard
4485 1486 9804 8504 Visa
4485 5114 2769 9519 Visa
4929 8643 6356 8238 Visa
6011 4172 5950 9198 Discover
3724 325779 59294 American Express
4916 7565 8275 3242 Visa
4485 0721 1308 2759 Visa
5481 8671 0049 3526 MasterCard
4897 6992 2770 1023 Visa
4716 5270 2055 5172 Visa
5411 5482 6200 9830 MasterCard
6011 3981 3705 7081 Discover
5292 7758 4788 2340 MasterCard
5128 8693 3903 8246 MasterCard
3733 299600 45427 American Express
4532 0861 1932 5122 Visa
3413 101596 19528 American Express
3421 915577 14833 American Express
4532 4033 3175 0831 Visa
6011 1298 3291 7174 Discover
6011 8441 1240 4772 Discover
3741 330775 90427 American Express
3707 972251 21766 American Express
6011 3325 8643 8666 Discover
6011 7786 8716 0593 Discover
3719 626881 78906 American Express
6011 8786 8694 0134 Discover
3728 441048 45806 American Express
6011 5358 0825 6910 Discover
5244 5277 5467 9329 MasterCard
3418 877718 33322 American Express
4328 1373 5449 1554 Visa
4929 3518 8430 5381 Visa
4929 6570 4080 5951 Visa
4532 8600 5212 9117 Visa
6011 2284 2095 3110 Discover
4024 0071 9329 4146 Visa
6011 7372 4491 6657 Discover
3746 535015 32372 American Express
6011 2924 1205 9906 Discover
5520 6129 5998 3075 MasterCard
5476 5183 5809 3834 MasterCard
5400 4153 1041 0324 MasterCard
5151 6610 8625 3445 MasterCard
6011 8068 4542 6646 Discover
5263 6225 0889 0573 MasterCard
3783 991955 11373 American Express
5531 2984 4276 6280 MasterCard
4716 6256 5755 6552 Visa
4532 4609 9756 3049 Visa
6011 0602 9194 8410 Discover
6011 2396 8439 4347 Discover
6011 0703 6508 3614 Discover
4556 8027 7969 2341 Visa
5540 6571 7642 6610 MasterCard
5543 9036 7466 5169 MasterCard
3729 268683 66028 American Express
6011 4757 0866 0327 Discover
5514 1303 2165 0296 MasterCard
5559 0610 8933 3716 MasterCard
6011 3937 5548 9831 Discover
6011 2632 3624 1194 Discover
4579 4588 1307 7826 Visa
4532 9386 4299 1806 Visa
5402 3094 6717 9865 MasterCard
5229 2629 4494 9668 MasterCard
5509 9685 9021 2273 MasterCard
4532 3702 6570 4896 Visa
3765 626776 87282 American Express
5541 7399 7761 3247 MasterCard
4716 1529 0580 2340 Visa
6011 3070 2555 8076 Discover
4038 2347 9031 4465 Visa
4539 5433 8060 5551 Visa
6011 8635 1128 9832 Discover
6011 7523 4319 4015 Discover
6011 6667 8148 2411 Discover
5417 8155 0554 5639 MasterCard
5427 8586 7766 0917 MasterCard
6011 2577 5171 1508 Discover
5168 1325 6937 2525 MasterCard
6011 8191 0250 6091 Discover
4929 9545 3851 7713 Visa
6011 4878 7574 1251 Discover
3751 739046 82681 American Express
4929 3813 2755 2224 Visa
6011 5436 3995 4943 Discover
3439 175177 66540 American Express
3403 137820 43802 American Express
5169 2148 7169 0148 MasterCard
6011 5369 1105 1941 Discover
6011 0341 4483 4085 Discover
3468 931291 39755 American Express
6011 2457 3782 2846 Discover
4160 5944 9732 2057 Visa
4532 2765 2503 0412 Visa
3769 836795 03196 American Express
5145 9222 3615 8234 MasterCard
3435 943492 13122 American Express
6011 8315 1485 9299 Discover
4716 8280 5212 5466 Visa
5202 7209 7102 8806 MasterCard
3486 888573 38316 American Express
5116 6835 3206 8320 MasterCard
3712 779917 41013 American Express
4916 2037 8125 0266 Visa
5200 7726 8041 3136 MasterCard
6011 8461 9947 9262 Discover
5130 7996 7989 2959 MasterCard
3745 497949 57328 American Express
4556 1903 5508 9920 Visa
5365 0805 0444 0447 MasterCard
5369 4550 9733 9022 MasterCard
5430 3563 9033 0772 MasterCard
6011 9647 7088 8619 Discover
5381 6719 0041 8464 MasterCard
4532 3229 4350 5591 Visa
3750 982643 11102 American Express
5116 5909 2432 0641 MasterCard
5355 4965 6798 9405 MasterCard
5146 3451 7600 3989 MasterCard
5590 9547 3780 9379 MasterCard
3456 778190 24505 American Express
6011 6871 7995 9224 Discover
5384 4956 3949 6683 MasterCard
3454 212186 53857 American Express
4916 2969 8450 1170 Visa
6011 0430 8746 4644 Discover
4929 0660 8792 5724 Visa
3474 966848 10676 American Express
4895 4449 1643 1737 Visa
4024 0071 9309 0171 Visa
3700 354837 89770 American Express
6011 5242 6350 9484 Discover
3490 996996 31174 American Express
3427 961428 97115 American Express
6011 2721 1589 4775 Discover
5475 7054 9607 0441 MasterCard
6011 4040 3497 4228 Discover
5415 4367 9149 2436 MasterCard
4539 4187 1183 6953 Visa
3755 105752 68078 American Express
5561 4599 4933 4146 MasterCard
4024 0071 2547 8361 Visa
3416 220352 67698 American Express
3758 934676 59004 American Express
3436 127565 94915 American Express
5523 1247 7594 6085 MasterCard
6011 8689 7529 3444 Discover
4485 0894 7297 8377 Visa
3795 121542 67840 American Express
6011 0833 5920 6539 Discover
3732 739065 14940 American Express
6011 6390 3796 6479 Discover
5127 7337 7368 0197 MasterCard
5411 8157 4736 9653 MasterCard
6011 1602 8937 0104 Discover
4532 4368 9758 6116 Visa
6011 9380 4786 5337 Discover
3433 643795 83673 American Express
6011 8509 2447 9605 Discover
5508 6594 7445 0847 MasterCard
4929 9962 7277 6617 Visa
6011 3344 2162 8451 Discover
6011 2016 7239 1586 Discover
3485 227332 31454 American Express
5493 9370 9170 9408 MasterCard
6011 9975 9505 5014 Discover
3440 810083 81480 American Express
4539 8425 8224 8024 Visa
3432 287491 64961 American Express
5212 6681 0839 2413 MasterCard
3478 892507 45930 American Express
5172 4121 4956 2751 MasterCard
4024 0071 6373 4048 Visa
5440 3173 8207 0451 MasterCard
3763 687137 47423 American Express
6011 2940 9543 3242 Discover
6011 6995 4559 2407 Discover
6011 6489 0493 8057 Discover
5324 6776 7960 1537 MasterCard
3422 200846 61801 American Express
6011 6246 7856 3595 Discover
5496 8954 7746 8766 MasterCard
5366 0442 1212 6010 MasterCard
6011 1062 9809 0977 Discover
4929 3511 2695 4236 Visa
4539 1378 7971 4063 Visa
3722 542754 04476 American Express
5317 5568 0734 7479 MasterCard
5292 7625 7891 0276 MasterCard
6011 5883 9212 3186 Discover
5230 9968 0126 1181 MasterCard
3441 473599 05522 American Express
5427 8194 1616 5774 MasterCard
6011 3921 1202 8795 Discover
5307 9607 6013 8309 MasterCard
5429 3757 3330 0527 MasterCard
5447 9167 3076 1027 MasterCard
3778 308155 15536 American Express
4024 0071 7673 2815 Visa
6011 3555 1714 9300 Discover
6011 3160 8535 6933 Discover
4485 4119 1795 8022 Visa
6011 4086 1135 0470 Discover
6011 5301 6483 5449 Discover
4916 9870 8718 3045 Visa
3466 921242 93397 American Express
5471 0900 0867 7049 MasterCard
6011 9832 4310 8231 Discover
3455 419447 60971 American Express
5527 0358 0027 3970 MasterCard
6011 0115 4339 5918 Discover
3709 292643 76742 American Express
4532 7540 2012 3601 Visa
5200 5099 8165 0739 MasterCard
3490 251867 02913 American Express
4485 3879 7436 6954 Visa
3459 121325 41368 American Express
6011 3488 9171 5929 Discover
6011 4721 7187 4543 Discover
5534 5295 4694 3939 MasterCard
4716 3194 2092 5787 Visa
6011 3750 3529 8207 Discover
6011 4735 8703 3716 Discover
5371 2590 5475 0635 MasterCard
6011 6622 6994 1580 Discover
4532 2482 3100 4346 Visa
3729 882618 90731 American Express
3469 132805 42066 American Express
6011 2316 9564 6849 Discover
4556 8793 8710 9181 Visa
5552 7221 4771 8191 MasterCard
5388 5693 5764 7804 MasterCard
4556 6309 9632 1596 Visa
3447 327961 57157 American Express
4716 7962 0326 5780 Visa
6011 4256 6572 3022 Discover
3410 082892 59534 American Express
5410 0753 0451 3851 MasterCard
4929 2788 4706 8154 Visa
3452 322602 56741 American Express
3445 544179 73535 American Express
6011 9819 0631 7099 Discover
5410 2079 7144 5782 MasterCard
6011 6766 2381 3665 Discover
4716 8058 5882 0441 Visa
6011 3776 1996 4261 Discover
3731 541475 66990 American Express
4539 5388 3006 7410 Visa
6011 2097 4731 7387 Discover
3407 247418 84252 American Express
3769 461532 79633 American Express
3475 202023 39841 American Express
3488 646256 49405 American Express
3466 742707 81102 American Express
4916 6225 5000 7104 Visa
6011 6518 9449 6581 Discover
3475 529471 23081 American Express
6011 8330 6710 3059 Discover
6011 5910 4628 7894 Discover
3780 267025 51176 American Express
4716 4189 8526 3376 Visa
5199 2109 2635 1268 MasterCard
5181 1330 2471 6002 MasterCard
6011 7695 7315 0384 Discover
5440 9624 1084 8657 MasterCard
5355 5844 6385 2916 MasterCard
3494 015651 55173 American Express
6011 8269 4325 4815 Discover
4024 0071 4564 7862 Visa
4929 6710 9287 8428 Visa
6011 7625 7836 2682 Discover
4556 3447 5526 0439 Visa
6011 2966 7184 4668 Discover
6011 1548 8622 3006 Discover
4929 5108 2635 6915 Visa
5514 7736 5706 8714 MasterCard
6011 6996 9940 0159 Discover
5176 7176 7044 7867 MasterCard
4024 0071 0865 4913 Visa
4111 1111 1111 1111 Visa
4716 2647 9141 4591 Visa
6011 3589 1324 1960 Discover
3728 742695 00177 American Express
4516 6595 6292 7287 Visa
6011 1707 6086 8237 Discover
3712 302250 39274 American Express
5159 1107 2510 6897 MasterCard
5546 0572 9640 2811 MasterCard
3431 642429 91727 American Express
3417 409648 76246 American Express
5295 2968 4751 7338 MasterCard
5374 1559 7277 3658 MasterCard
5250 9151 5165 8544 MasterCard
3486 822033 68481 American Express
4929 3193 9046 9660 Visa
5406 1294 8537 6863 MasterCard
3757 399189 70260 American Express
5423 6925 3855 7093 MasterCard
3787 3449 3671 000 American Express Corporate
3056 9309 0259 04 Diners Club
3852 0000 0232 37 Diners Club
3530 1113 3330 0000 JCB
3566 0020 2036 0505 JCB


